0.91309,0,-0.407761,0,0,1,0,0,0.407761,0,0.91309,0,-0.970182,0,20.9216,1|
0.305818,0,0.952093,0,0,1,0,0,-0.952093,0,0.305818,0,-3.72277,0,15.228,1|
-0.227203,0,0.973852,0,0,1,0,0,-0.973852,0,-0.227203,0,-0.641223,0,9.75549,1|
0.0906717,0,0.995887,0,0,1,0,0,-0.995887,0,0.0906717,0,-2.67722,0,3.97823,1|
-0.635928,0,0.771758,0,0,1,0,0,-0.771758,0,-0.635928,0,3.1874,0,-1.51227,1|
